SpeciesID	SRR13378546	SRR13378550	SRR13378552	SRR13378554	SRR13378555	SRR13378556	SRR13378560	SRR13378562	SRR13378563	SRR13378564	SRR13378565	SRR13378566	SRR13378567	SRR13378569	SRR13378571	SRR13378573	SRR13378574	SRR13378577	SRR13378578	SRR13378579	SRR13378580	SRR13378581	SRR13378582	SRR13378583	SRR13378584	SRR13378585	SRR13378586	SRR13378588	SRR13378589	SRR13378590	SRR13378591	SRR13378592	SRR13378594	SRR13378595	SRR13378597	SRR13378599	SRR13378600	SRR13378601	SRR13378602	SRR13378603	SRR13378605	SRR13378606	SRR13378607	SRR13378608	SRR13378609	SRR13378610	SRR13378614	SRR13378616	SRR13378618	SRR13378621	SRR13378622	SRR13378623	SRR13378624	SRR13378625	SRR13378628	SRR13378630	SRR13378631	SRR13378632	SRR13378633
S1	20645	0	113	0	0	0	0	131488	0	0	0	1157	0	0	460	282	0	238	0	133894	0	0	663	0	0	0	0	0	0	71623	0	0	202	30843	0	21276	89700	0	0	180455	0	32964	79561	92544	0	0	6172	6247	106966	309866	0	6065	27985	21228	160503	0	39	131266	0
S2	2792	0	0	0	0	0	0	0	0	0	0	0	0	0	0	0	0	0	0	198506	0	0	0	0	0	0	0	0	0	0	0	0	0	0	0	0	862	59449	0	2646	0	0	0	5478	0	0	0	0	0	0	0	0	3801	0	455	0	0	2847	0
S3	0	0	0	0	0	0	0	0	0	0	0	0	0	0	0	0	0	0	0	0	0	0	0	0	0	0	0	0	0	0	0	0	0	0	0	25	0	0	0	0	0	0	0	0	0	0	0	0	0	0	0	0	0	0	0	0	0	0	0
S4	5700	0	0	0	0	105	0	0	0	0	0	0	0	0	0	0	0	0	0	335	0	0	0	0	0	0	0	0	0	0	0	0	0	0	0	0	0	0	0	1001	0	0	0	0	0	0	0	0	0	0	0	0	0	0	0	0	0	0	0
S5	0	0	0	0	0	0	0	204	0	0	0	0	0	0	0	0	0	0	0	0	0	0	0	0	0	0	0	0	0	0	0	0	0	0	0	0	0	0	0	0	0	0	0	0	0	0	0	0	0	0	0	0	0	0	0	0	0	0	0
S6	0	0	0	0	0	0	0	206	0	0	0	0	0	0	0	0	0	0	0	0	0	0	0	0	0	0	0	0	0	0	0	0	0	0	0	91	0	0	0	0	0	0	0	0	0	0	0	0	0	0	0	0	0	0	0	0	0	0	0
S7	0	0	0	0	0	0	0	0	0	0	0	0	0	0	0	0	0	0	0	0	0	0	0	0	0	0	0	0	0	0	0	0	0	0	0	0	0	0	0	0	0	0	0	0	0	0	0	25408	0	0	0	0	0	0	0	0	0	59186	0
S8	0	0	0	0	0	0	0	0	0	0	0	0	0	0	0	0	0	0	0	0	0	0	0	0	0	0	0	0	0	0	0	0	0	0	0	0	0	0	0	495	0	0	0	0	0	0	0	0	0	0	0	0	0	10373	0	0	0	0	0
S9	0	1514	0	0	0	0	0	0	0	0	0	0	0	0	0	0	0	0	0	0	0	0	0	0	0	0	0	0	0	0	0	0	0	0	0	0	0	0	0	0	0	0	0	0	0	0	0	305	0	176	0	0	0	0	0	0	0	0	0
S10	0	0	0	0	0	0	0	0	0	0	0	0	0	0	0	0	0	0	0	0	0	0	0	0	0	0	0	0	0	0	0	0	0	0	0	0	0	0	0	4927	0	0	0	0	0	0	0	0	0	0	0	0	0	0	0	0	0	0	0
S11	0	0	0	0	0	0	0	0	0	0	0	0	0	0	0	0	0	0	0	0	0	0	0	0	0	0	0	0	0	0	0	0	0	0	0	0	0	0	0	4055	0	0	0	0	0	0	0	0	0	0	0	0	0	0	0	0	0	0	0
S12	0	0	0	0	0	0	0	25	0	0	0	0	0	0	0	0	0	0	0	0	0	0	0	0	0	0	0	0	0	0	0	0	0	0	0	0	0	0	0	0	0	0	0	0	0	0	0	0	0	0	0	0	0	0	0	0	0	0	0
S13	0	0	0	0	0	0	0	0	0	0	0	0	0	0	0	0	0	0	0	1294	0	0	0	0	0	0	0	0	0	0	0	0	0	0	0	1360	0	0	0	0	0	0	0	0	0	0	0	0	0	0	0	0	0	0	0	0	0	0	0
S14	0	0	0	0	0	4382	0	0	0	0	0	0	0	0	0	0	0	0	0	0	0	0	0	0	0	0	0	0	0	0	0	0	0	0	0	865	0	0	0	0	0	0	824	0	0	0	0	0	0	0	1479	0	0	0	0	0	0	0	0
S15	0	0	0	0	0	0	0	210	0	0	0	0	0	0	0	0	0	0	0	0	0	0	0	0	0	0	0	0	0	0	0	0	0	0	0	51	0	0	0	0	0	0	0	0	53	0	0	0	0	0	0	0	0	0	0	0	0	0	0
S16	0	0	0	0	0	0	0	0	0	0	0	0	0	0	0	0	0	0	0	0	0	0	0	0	0	0	0	0	0	0	0	0	0	0	0	0	0	0	0	0	0	0	0	0	182	0	0	0	0	0	0	0	0	0	0	156	0	0	0
S17	202403	23945	187	726	3139	21560	509	1261552	1275	331	1364	7249	0	4133	0	1630	67562	33692	5261	36177	9279	1503	13277	2398	18425	7939	3372	18755	4336	436209	4656	9801	11137	39929	177481	176546	25132	73236	131963	99235	14253	69294	405501	4037	693548	53370	49153	120765	83500	8256	35745	206977	11815	108472	209049	193532	60586	76309	141507
S18	0	0	0	0	0	0	0	0	0	0	0	0	0	0	0	0	0	0	0	0	0	0	0	0	0	0	0	0	0	0	0	0	0	0	0	0	0	0	0	0	0	0	259	0	0	0	0	0	0	0	0	0	0	0	0	0	0	0	0
S19	0	0	0	0	0	0	0	2949	0	0	0	0	0	0	0	0	0	0	0	0	0	0	0	0	0	0	0	0	0	95	0	0	0	0	93	148	0	0	0	0	0	46	1475	0	1013	0	0	188	45	0	0	361	0	94	0	271	0	94	45
S20	0	0	0	0	0	0	0	334	0	0	0	0	0	0	0	0	0	0	0	0	0	0	0	0	0	0	0	0	0	0	0	0	0	0	0	0	0	0	0	0	0	0	204	0	0	0	0	0	0	0	0	0	0	0	0	0	0	0	0
S21	161	0	0	0	0	0	0	1845	0	0	0	0	0	0	0	0	0	0	0	0	0	0	0	0	0	0	0	0	0	0	0	0	0	0	2383	0	0	542	0	0	0	0	8728	0	0	0	0	0	0	0	0	0	0	0	0	0	0	0	0
S22	0	0	0	0	0	0	0	616	0	0	0	0	0	0	0	0	0	0	0	0	0	0	0	0	0	0	0	0	0	0	0	0	0	0	460	0	0	0	0	0	0	0	3274	0	0	0	0	0	0	0	0	0	0	0	0	0	0	0	0
S23	0	5172	0	0	0	0	0	0	0	0	433	0	0	0	0	0	0	0	0	0	0	0	0	0	0	0	0	0	0	0	0	0	0	0	0	0	0	0	0	0	0	0	0	0	0	0	0	0	0	0	0	0	0	0	0	0	0	0	0
S24	0	3104	0	0	0	0	0	0	0	0	0	0	0	0	0	0	0	0	0	0	0	0	0	0	0	0	0	0	0	0	0	0	0	0	0	0	0	0	0	0	0	0	0	0	0	0	0	0	0	0	0	0	0	0	0	0	0	0	0
S25	31252	3208	0	0	495	557	0	23384	0	0	0	428	0	0	0	0	1029	523	0	2942	0	0	95	0	567	0	0	0	407	18859	0	2519	99	3429	19947	11556	6194	15478	15418	10578	0	3018	101721	0	49794	2963	2373	6871	10262	123	7749	20811	0	13988	39937	38178	7982	15471	12755
S26	0	3589	0	0	0	0	0	28897	0	0	51206	0	0	0	0	0	0	0	0	1982	0	0	0	0	0	0	0	0	0	0	0	0	0	109595	46846	7938	0	0	0	0	0	0	0	74561	9893	0	0	21352	0	0	0	22224	0	0	0	3433	0	0	0
S27	0	1076609	0	0	0	0	0	0	0	0	0	0	0	0	0	0	0	0	0	0	0	0	0	0	0	0	0	0	0	0	0	0	0	0	0	0	0	0	0	0	0	0	0	0	0	0	0	0	0	0	0	0	0	0	0	0	0	0	0
S28	0	0	0	0	0	0	0	0	0	0	0	0	0	0	0	0	0	0	0	0	0	0	0	0	0	0	0	0	0	0	0	0	0	0	1386	2870	0	0	0	0	0	0	0	0	0	0	0	0	0	0	0	0	0	0	0	0	0	0	0
S29	0	0	0	0	0	0	0	0	1176	0	0	0	0	0	0	0	0	0	0	0	0	0	0	0	0	0	0	0	0	0	0	0	0	0	0	0	0	0	0	0	0	0	0	0	0	0	0	0	0	0	0	0	0	0	0	0	0	0	0
S30	163	0	0	0	0	0	0	0	0	0	0	0	0	0	0	0	33246	0	0	0	0	0	0	0	0	0	0	0	0	0	0	0	0	12632	11297	4046	0	0	0	0	0	0	0	0	0	0	0	0	0	0	0	0	0	0	0	0	0	0	0
S31	0	0	0	0	0	0	0	0	0	0	0	0	0	0	0	0	11277	0	0	0	0	0	0	0	0	0	0	0	0	0	0	0	0	1561	0	0	0	0	0	0	0	0	0	0	0	0	0	0	0	0	0	0	0	0	0	0	0	0	0
S32	0	0	0	0	0	0	0	181	0	0	0	0	0	0	0	0	0	0	0	0	0	0	0	0	0	0	0	0	0	0	0	0	0	0	0	0	0	0	0	0	0	0	0	0	0	0	0	0	0	0	0	93	0	0	0	0	0	0	0
S33	0	0	0	0	0	0	0	0	0	0	0	0	0	0	0	0	0	0	0	0	0	0	0	0	0	0	0	0	0	0	0	0	0	0	0	9323	0	796	0	0	0	0	0	0	0	0	0	0	0	0	0	7306	0	0	0	0	0	0	0
S34	116	105262	0	0	0	0	0	0	0	0	0	1996	0	0	0	0	0	0	1285	1127	0	0	0	0	0	0	0	0	0	3470	0	0	0	1209040	0	0	0	0	0	2485	0	2790	7201	0	0	230	0	43876	0	2237	0	0	0	0	5227	0	0	0	0
S35	1841	0	1359	0	0	0	774	10219	0	0	0	0	0	0	0	0	3919	0	0	5408	0	0	0	0	0	0	0	0	0	0	0	0	0	0	692	4579	0	743768	0	0	0	0	367	806	0	0	0	29138	0	0	0	35262	0	0	0	0	0	0	1477
S36	0	0	0	0	0	0	0	0	0	0	0	0	0	0	0	0	0	0	0	0	0	0	0	0	0	0	0	0	0	0	0	0	0	0	4800	0	0	0	0	0	0	0	0	0	0	0	0	0	0	0	0	0	0	0	0	0	0	0	0
S37	0	0	0	0	0	0	0	0	0	0	0	0	0	0	0	0	244	0	0	0	0	0	0	0	0	0	0	0	0	0	0	0	0	0	0	0	0	0	0	0	0	0	0	0	0	0	0	609	0	0	0	0	0	0	0	0	0	0	0
S38	0	22244	0	0	0	0	24526	125259	0	0	41526	0	0	0	0	0	12029	0	0	1038	0	1252	0	0	0	0	0	0	0	2573	0	0	0	5612	39344	20050	0	67170	0	7843	233	0	2480	1825	14622	0	5470	19041	0	5665	0	8705	0	0	43659	16265	0	0	0
S39	85	1580	0	0	0	0	0	0	0	0	0	0	0	0	0	0	69446	0	0	0	0	0	0	0	0	0	0	0	0	0	0	0	0	0	1060	4232	0	0	0	0	0	0	0	0	0	0	0	0	0	0	0	0	0	0	0	0	0	0	0
S40	0	0	3891	518	176	115511	10623	9785	24394	33892	0	1676	20862	10014	713	8288	313456	10452	15756	747	16202	0	51499	463	15173	5849	8236	1159	7413	695	13398	32213	1709	4919	0	0	5610	0	0	264	4720	2440	0	0	0	5102	29315	5089	5002	2296	3762	0	0	959	2967	2796	0	62	0
S41	0	0	0	0	0	0	0	0	0	0	0	0	0	0	0	0	1242	0	0	0	0	0	0	0	0	0	0	0	0	0	0	0	0	0	0	6804	0	0	0	1128	0	39	0	0	0	0	0	0	1065	0	0	0	0	0	854	0	0	0	1025
S42	0	11220	0	0	0	0	4101	0	0	0	0	0	0	0	0	0	0	0	0	0	0	0	0	0	0	0	0	0	0	0	0	0	0	0	5158	2600	0	0	0	0	0	0	0	0	0	0	0	0	0	0	0	0	0	0	0	0	0	0	0
S43	3123	134069	0	0	0	0	120	1363	0	0	15064	0	0	0	0	0	58588	0	1499	0	0	1044	0	0	0	0	0	0	0	644	0	0	0	0	116409	9240	0	61513	0	966	0	0	444	2367	2139	0	1180	31740	0	6311	0	15472	0	0	0	0	0	0	0
S44	23202	29046	0	0	0	3624	50929	27369	7685	1143	134380	0	2310	0	0	0	36890	0	0	399	2150	0	0	0	6661	823	0	0	0	2033	0	3057	0	7043	18140	61070	0	72452	0	0	1011	0	0	162	1723	0	0	35846	446	728	0	29489	0	0	2835	0	0	0	15174
S45	5445	372158	1120	489	0	409	0	51789	4890	0	82964	0	0	0	0	0	0	0	0	22315	7615	889	5305	408	0	0	0	0	0	132014	0	0	0	91176	64240	22360	0	47649	0	7625	0	0	469	0	8632	0	0	98297	594	0	0	23431	0	0	0	53374	0	647	4965
S46	0	13622	0	0	0	0	0	24550	0	2009	606	0	0	0	0	0	4474	0	0	137	0	0	0	0	0	0	0	0	0	1935	0	323	0	0	4857	4917	0	0	0	0	1110	0	0	0	3785	0	0	6148	0	0	0	0	0	0	0	3356	0	0	10648
S47	50	0	0	0	0	0	0	27822	0	0	1100	0	0	0	0	0	8910	0	0	0	0	0	0	0	0	0	0	0	0	1459	0	0	0	544	18986	2231	0	1221	0	786	0	0	0	0	0	0	0	8821	0	0	0	25008	0	0	0	0	0	0	0
S48	0	0	0	0	0	0	0	0	0	0	0	0	0	0	0	0	5625	0	0	0	0	0	0	0	0	0	0	0	0	0	0	0	0	0	0	0	0	0	0	0	0	0	0	0	0	0	0	0	0	0	0	0	0	0	0	0	0	0	0
S49	0	557039	0	0	0	0	0	23271	0	0	0	0	392	0	3296	0	1233	0	0	27761	722	506	0	0	0	0	0	0	0	0	0	0	0	9806	0	16073	0	20343	0	0	0	0	0	1272	0	0	0	38660	0	0	0	0	0	0	0	0	232	0	0
S50	4950	120710	3098	0	0	0	6845	22430	0	6299	312982	10965	2443	0	4377	0	0	0	2900	20098	4069	5087	0	112	0	0	0	0	0	8581	0	0	0	106180	17861	26419	843	7706	0	0	0	0	9397	910	269	0	1605	37553	2261	0	0	24430	0	0	987	0	0	38984	0
S51	0	0	0	0	0	0	0	0	0	0	0	0	0	0	0	0	0	0	0	0	0	0	0	0	0	0	0	0	0	0	0	0	0	987	0	0	0	0	0	0	0	0	0	0	0	0	0	0	0	0	0	0	0	0	0	0	0	0	0
S52	0	0	0	0	0	0	0	0	0	0	0	0	0	0	0	0	0	0	0	0	0	0	0	0	0	0	0	0	0	0	0	0	0	0	628	0	0	0	0	0	0	0	0	0	0	0	0	0	0	0	0	0	0	0	0	0	0	0	0
S53	0	0	0	0	0	0	0	0	0	0	0	0	0	0	0	0	0	0	0	0	0	0	0	0	0	0	0	0	0	0	0	0	0	487	0	0	0	0	0	0	0	0	0	0	0	0	0	0	0	0	0	0	0	0	0	0	0	0	0
S54	174	8304	407669	354074	313922	225207	73409	361130	1687326	496311	1020175	678371	530245	1005015	80297	796118	2617027	738677	1346760	24751	552573	1709198	647280	2800659	2606486	826074	2481394	180167	629395	187713	1536876	4475999	55929	21447	226782	93273	270748	23603	142095	162093	231750	196336	120172	2067	989357	970291	321467	1389528	27752	9797	372724	1514008	37411	106557	40103	667127	107658	27863	397138
S55	0	0	0	0	0	0	0	0	0	0	0	0	0	654	0	0	0	0	0	0	0	0	0	0	0	0	0	0	0	0	0	0	0	0	0	0	0	0	0	0	0	0	0	0	0	0	0	0	0	0	0	0	0	0	0	0	0	0	0
S56	0	0	3680	5533	52574	285801	0	0	78567	46997	0	7850	252	208010	788	53564	247928	76008	42621	0	443596	0	84356	39892	166506	28689	89465	3273	8411	33096	26302	105890	12532	3141	74786	0	10553	0	1410	7709	19713	2478	8332	0	22031	23948	30455	53564	1797	0	15169	0	9606	4049	0	5120	0	0	2788
S57	0	0	51481	16543	13276	13089	62548	55858	28346	488	0	4311	2150	111585	8733	49129	49917	54434	68874	3296	95935	73398	37159	161265	12311	157552	205695	13017	97466	17542	67342	71921	2784	1010	186297	16201	7588	0	8447	22960	53791	8033	15605	0	60677	20164	270375	78138	479	2842	12304	256911	0	1966	3642	686	682	10459	55365
S58	0	0	8757	33407	21161	17265	0	2686	267526	0	0	6010	113471	126865	3574	106027	216238	39181	0	838	10465	0	8304	30899	66580	33767	152707	9920	36998	504	70777	139977	2713	0	0	0	20576	0	4559	13596	73043	2869	2632	0	17499	27992	34442	1050	689	0	1547	0	5616	16370	4194	38073	36888	1100	22035
S59	44645	2302980	45699	2504	0	41148	0	315318	63673	135052	95568	6594	34817	6503	0	4470	141181	133815	27913	2016	19139	75543	14939	35237	139689	6930	1006	2590	101022	24180	5973	203175	9418	4906	0	242027	1200	17604	42259	20629	10164	31171	216339	0	41978	1609	14929	45820	70030	0	3163	161142	0	71935	37948	3079	1519	5484	213216
S60	0	0	521	156039	83916	1928650	0	173209	48859	0	0	11052	167371	14307	9061	348068	16284	63195	25579	2862	395321	581109	96242	127742	762027	250	409450	161920	147250	3417	75989	338523	95335	8010	2295	0	3483	144	0	119416	9152	5712	8811	10226	247255	25208	228	60076	8739	6666	45	111208	0	17415	5826	1323	5239	1511	15411
S61	1938	0	0	80187	17989	12047	0	0	25051	0	0	10178	0	7289	0	0	11856	12897	0	0	53287	128600	1595	0	103827	0	283676	0	40627	8430	773	68787	0	36635	0	0	0	0	1140	0	5671	6679	0	0	0	0	0	25897	384	0	0	0	884	328	20402	0	392	0	0
S62	0	0	0	0	0	0	0	0	0	0	0	0	0	0	0	0	0	5291	0	0	0	0	9996	0	0	0	0	0	1217	0	0	0	17203	12071	0	0	0	0	0	0	0	0	0	0	0	0	0	0	0	72816	0	0	0	0	0	0	0	0	0
S63	0	0	127097	73716	2299	74656	0	6345	1348	489638	846276	276645	315284	1209081	0	98161	132799	65760	9492	613	27029	7539	7599	370128	952303	247202	269581	41082	128993	286	56175	378734	13443	405494	0	95605	141932	1967	911	1998	5796	1555	287	767	11567	9761	160412	23461	874	228	37797	1952	29137	34586	85334	31750	2663	3996	519
S64	756	0	0	0	0	0	0	4487	0	0	0	0	0	0	0	0	0	0	0	0	0	0	0	0	0	0	0	0	0	0	0	0	0	0	0	0	0	0	0	0	0	0	0	0	0	0	0	0	0	0	0	0	0	0	0	0	0	0	0
S65	42920	1628599	0	0	0	0	127	21397	0	0	149947	0	361	0	0	0	0	0	0	0	0	0	0	0	0	0	0	0	307	0	0	0	0	15145	2510	0	0	456	0	1244	0	0	609	0	0	0	0	32811	0	0	58	2724	0	0	0	5529	0	1839	0
S66	16842	0	0	0	0	1652	5731	74192	0	290	1538	10423	1939	0	651	0	3067	0	1749	0	0	0	0	0	0	0	0	0	0	570	0	0	0	9403	24271	10664	0	53560	0	0	0	0	605	0	7748	0	0	16729	0	0	0	517	0	0	0	0	0	0	66
S67	584	0	0	0	0	0	0	546	0	0	0	0	0	0	0	0	0	0	0	0	0	0	0	0	0	0	0	0	0	0	0	0	0	0	0	109	0	0	0	0	0	0	0	0	0	0	0	0	0	0	0	0	0	0	575	0	0	0	0
S68	4031	688783	14738	0	0	23502	7453	60667	17456	2018	32621	20135	3137	0	5541	0	74748	13534	0	22443	16420	4787	0	4524	4583	3835	0	0	993	44654	0	3489	0	124053	45734	242933	0	36385	0	6891	11815	0	19128	0	8111	0	396	47975	0	1343	0	73172	0	0	43927	19124	1714	2341	23029
S69	0	9101	0	0	0	0	0	5040	0	0	0	0	0	0	0	0	1027	0	0	0	0	0	0	0	0	0	0	0	0	0	0	290	0	2084	0	12664	0	23034	0	0	0	0	0	13567	0	0	0	0	0	0	0	2463	0	0	1062	0	0	0	298
S70	0	0	0	0	0	0	0	0	0	0	0	0	0	0	0	0	0	0	0	0	0	0	0	0	0	0	0	0	0	0	0	0	0	0	0	0	0	0	0	0	0	0	0	0	0	0	0	3350	0	0	0	0	0	0	1955	0	0	0	0
S71	3290	0	0	0	0	4113	0	460832	0	425	27831	0	0	0	0	0	81881	0	0	0	4916	0	0	0	11983	0	0	0	59	0	0	11886	0	0	25255	115068	0	78587	0	117	1743	0	0	0	1020	0	0	0	0	0	0	5827	0	0	0	0	0	0	0
S72	0	0	0	0	0	0	0	0	0	0	0	0	0	0	37591	0	0	0	0	194	0	0	0	105	0	0	0	0	0	0	0	0	0	0	0	0	40	0	0	0	0	0	0	0	0	7442	0	0	0	0	0	0	0	0	0	0	0	0	0
S73	0	0	0	0	0	0	0	882	0	0	0	0	0	0	0	0	0	0	0	0	0	0	0	0	0	0	0	0	0	0	0	0	0	0	0	0	0	0	0	0	0	0	0	0	0	0	0	0	0	0	0	0	0	0	0	0	0	58	0
S74	0	0	0	0	0	1753	0	0	0	0	0	0	0	0	0	0	0	0	0	0	0	0	0	0	0	0	0	0	0	0	0	0	0	0	0	0	0	0	0	0	0	0	0	0	0	0	0	0	0	0	0	0	0	0	0	0	0	0	0
S75	0	0	0	0	0	1278	0	0	0	0	0	0	0	0	0	0	0	0	0	0	0	0	0	0	0	0	0	0	0	0	0	0	0	0	0	0	0	0	0	0	0	0	0	0	0	0	0	0	0	0	0	0	0	0	0	0	0	0	0
S76	0	0	0	0	0	2915	0	0	0	189	0	0	0	2473	0	0	0	0	0	0	0	0	0	0	0	0	0	0	0	0	0	0	0	0	0	0	0	0	0	0	0	0	0	0	0	0	0	0	0	0	0	0	0	0	0	0	0	0	0
S77	0	0	0	0	0	0	0	0	0	0	0	0	0	0	0	0	0	0	0	0	0	0	0	0	0	0	0	0	0	0	0	0	0	0	0	0	0	0	0	0	0	0	0	0	0	0	0	0	0	0	0	0	0	0	1069	0	0	0	0
S78	0	0	0	0	0	0	0	0	0	0	0	0	0	0	0	0	0	0	0	0	0	0	0	0	0	0	0	0	0	0	0	0	0	0	0	0	0	0	0	0	0	0	93	0	0	0	0	0	0	0	0	0	0	0	0	0	0	0	0
S79	0	0	0	0	0	0	0	0	0	0	0	0	0	0	0	0	0	0	0	0	0	1136	0	0	0	0	0	0	0	0	0	0	0	0	0	0	5174	0	0	7149	0	0	0	0	0	0	0	0	0	0	0	0	0	4200	15231	0	0	0	0
S80	0	0	0	0	0	0	0	0	0	0	0	0	0	0	0	0	0	0	0	0	0	0	0	0	0	0	0	0	0	0	0	0	0	0	0	0	0	0	0	0	0	0	0	0	0	0	0	736	0	0	0	0	0	0	0	2070	0	0	0
S81	1855	0	0	0	0	0	0	0	0	0	0	0	0	0	0	0	0	0	0	6841	0	0	0	0	0	0	0	0	0	0	0	0	0	0	0	0	0	9064	0	602	0	0	0	0	0	0	0	0	0	12338	0	0	0	992	0	0	0	0	0
S82	22637	0	0	0	0	0	0	627	0	0	0	0	0	0	0	0	0	0	0	154344	0	0	0	0	0	0	0	0	0	17682	0	0	0	0	0	0	1465	179976	6498	10766	0	0	932	142	1190	0	385	0	0	267	0	49885	17313	2558	15782	6965	3832	0	0
S83	0	0	0	0	0	0	0	0	0	0	0	0	0	0	0	0	0	0	0	0	0	0	0	0	0	0	0	0	0	0	0	0	0	0	0	0	0	0	0	941	0	0	0	0	0	0	0	0	0	1270	0	0	0	2852	743	0	0	0	0
S84	21047	0	0	0	0	0	0	0	0	0	0	0	0	0	0	0	0	0	0	292695	0	0	0	0	0	0	0	0	0	39822	0	0	0	0	0	0	3299	60960	42812	11206	0	0	917	182	0	0	0	0	224	10120	0	54997	2572	1589	8447	655	3256	10073	14680
S85	0	0	0	0	0	0	0	0	0	0	0	0	0	0	0	0	0	0	0	0	0	0	0	0	0	0	0	0	0	0	0	0	0	0	0	0	0	0	0	3373	0	0	0	0	0	0	0	0	0	0	0	0	0	2417	0	0	0	0	0
S86	1327	0	0	0	0	0	0	952	0	0	0	0	0	0	0	0	0	0	0	1906	0	4208	0	0	0	23228	0	0	0	0	0	0	0	0	0	0	0	0	0	0	0	0	0	0	0	0	0	0	0	0	703	0	0	67169	0	0	0	0	2145
S87	0	0	0	0	0	0	0	0	0	0	0	0	0	0	0	0	0	0	0	0	0	0	0	0	0	0	0	0	0	0	0	0	0	0	0	0	0	0	0	0	0	0	0	0	0	0	0	0	0	0	0	0	0	237	0	0	0	0	0
S88	0	0	0	0	0	0	0	172866	0	0	0	0	0	0	0	0	0	0	0	0	0	0	0	0	0	0	0	0	0	0	0	0	0	0	0	0	0	0	0	0	0	0	0	0	0	0	0	0	0	0	0	0	0	0	0	0	0	0	0
S89	0	0	0	0	0	0	0	0	926	0	0	0	0	0	0	0	0	0	0	0	0	408	0	0	0	0	0	0	0	0	0	0	0	0	0	0	0	0	0	0	0	0	0	0	0	0	0	319	0	0	3546	7042	0	0	0	0	0	0	0
S90	0	0	0	0	0	0	0	1764	0	0	0	0	0	0	0	0	0	0	0	730	0	1072	0	0	0	0	296	0	0	0	0	0	0	0	2758	157484	0	109304	0	0	0	0	0	0	678	1573	0	0	0	0	16239	14291	0	103	0	3650	2694	0	1380
S91	0	0	0	0	0	0	0	0	0	0	0	0	0	0	0	0	0	0	0	493	0	0	0	0	0	0	0	0	0	0	0	0	0	0	0	188	189	165	17929	9992	0	0	0	0	0	3597	0	0	0	0	0	0	0	1955	0	0	0	493	0
S92	0	0	0	0	0	0	0	0	0	0	0	0	0	0	0	0	0	0	0	0	0	0	0	0	0	0	0	0	0	0	0	0	0	0	0	0	0	0	0	0	0	0	0	0	0	0	0	0	0	0	0	0	0	449	0	0	0	0	0
S93	0	0	0	0	0	0	0	0	0	0	0	0	0	0	0	0	0	0	0	0	0	0	0	0	0	0	169	0	0	0	0	0	0	0	0	0	0	0	0	0	0	0	0	0	0	0	0	0	0	0	0	0	0	0	0	0	0	0	0
S94	0	0	0	0	0	0	0	0	0	0	0	0	0	0	0	0	0	0	0	0	0	0	0	0	0	0	0	0	0	1834	0	0	0	0	0	0	0	35524	0	0	0	0	0	0	0	8829	0	0	0	0	0	0	0	0	0	7612	0	0	0
S95	0	562	0	0	0	0	0	0	0	0	0	0	0	0	0	0	0	0	0	0	0	0	0	0	0	0	0	0	0	0	0	0	0	0	0	0	0	0	0	0	0	0	0	0	0	0	0	0	0	0	0	2858	0	0	0	0	0	713	0
S96	0	0	0	0	2552	0	0	0	0	0	0	0	0	0	0	0	0	67106	0	0	0	0	0	0	0	0	0	0	0	0	0	0	0	0	0	0	0	0	0	0	0	0	0	0	0	67531	0	0	0	0	0	0	0	129553	0	1374	0	269	0
S97	0	0	0	0	0	0	0	7885	0	0	0	0	0	0	0	0	0	0	0	1252	0	0	0	0	0	32	0	0	0	0	0	0	0	0	0	0	0	3707	0	460	0	0	0	0	0	897	16598	295	0	0	462	0	0	0	0	0	0	0	2646
S98	0	0	0	0	0	0	0	0	0	0	0	0	0	0	0	0	0	0	0	0	0	0	0	0	0	0	0	0	0	0	0	0	0	0	169	0	0	0	0	0	0	2852	0	0	0	0	0	436	0	0	0	0	0	0	0	6793	0	0	0
S99	0	0	0	0	0	0	0	0	0	0	0	0	0	0	0	0	0	0	0	0	0	0	0	0	0	0	0	0	0	0	0	0	0	0	0	0	0	0	0	0	0	0	0	0	0	0	0	0	0	0	0	0	0	7948	0	10252	0	0	0
S100	0	0	0	0	0	0	0	0	0	0	0	0	0	0	0	0	0	0	0	0	0	227	0	0	0	0	0	0	0	0	0	0	0	0	1144	527	0	0	0	0	0	0	0	0	0	0	0	0	0	0	28806	1071	0	932	0	2091	0	0	0
S101	1308	3049	0	0	2903	0	0	4089	0	1144	2104	0	260	0	0	0	847	0	3603	23535	0	9428	0	0	0	0	6635	0	970	0	0	34504	0	0	36120	40520	840	0	27165	246	4810	95	675	0	0	1110	2149	0	0	0	64194	5234	0	6694	474	60514	0	1508	4664
S102	0	0	0	0	0	0	0	0	0	0	0	0	0	0	0	0	0	0	0	0	0	0	0	0	0	0	0	0	0	0	0	0	0	0	0	0	0	0	0	0	0	0	0	0	0	0	0	0	0	0	0	2578	0	0	0	0	0	0	0
S103	0	0	0	0	0	0	0	0	0	0	0	0	0	0	0	0	0	0	0	0	0	0	0	0	0	0	0	0	0	0	0	0	0	0	0	33539	0	0	0	0	0	0	443	0	0	0	0	0	0	0	876	0	0	0	0	0	0	0	0
S104	0	0	0	0	0	0	0	0	0	0	0	0	0	0	0	0	0	0	0	0	0	0	0	0	0	0	0	0	0	0	0	0	0	0	0	0	0	0	0	0	0	0	0	0	0	0	0	0	0	0	0	0	0	2181	0	0	0	0	0
S105	0	0	0	0	0	3239	0	0	0	0	0	0	0	0	0	0	0	0	0	0	0	0	0	0	0	0	0	0	0	0	0	0	0	0	0	0	0	0	0	0	0	0	0	0	0	0	0	2522	0	0	0	0	0	0	0	0	0	0	0
S106	0	0	0	0	0	831	0	0	0	0	0	0	0	0	0	0	0	0	0	0	0	0	0	0	0	0	0	0	0	0	0	0	0	0	0	0	0	0	0	0	0	0	0	0	0	0	0	0	0	0	0	0	0	0	0	0	0	0	0
S107	0	10704	0	0	0	0	0	0	38726	0	0	0	0	0	0	0	0	0	0	0	55	0	0	0	0	0	0	0	0	0	0	0	0	0	0	0	0	0	0	0	0	0	0	0	0	0	0	0	0	0	0	0	0	0	0	0	0	0	0
S108	0	0	0	0	0	779	0	0	0	0	0	0	0	0	0	0	0	0	0	0	0	0	0	0	0	270	0	0	0	0	0	0	0	0	0	0	0	0	0	0	0	0	0	0	0	0	0	2120	0	0	0	0	0	0	0	0	0	0	0
S109	0	0	0	0	1925	0	0	1393	0	0	1517	1324	577	12865	0	709	16829	0	0	0	0	0	0	0	0	2170	0	0	0	204	0	1198	0	0	0	0	0	0	0	0	2358	0	63709	0	0	0	5922	0	0	0	200	1325	0	3360	400	0	2138	5690	0
S110	0	0	0	0	0	2496	0	0	0	0	0	0	0	0	0	0	0	0	0	0	0	0	0	0	0	0	0	0	0	0	0	0	0	0	0	0	0	0	0	0	0	0	0	0	0	0	0	0	0	0	0	0	0	0	0	0	0	0	0
S111	0	0	0	0	0	0	0	0	0	0	0	0	0	0	0	0	0	0	0	0	0	0	0	0	0	0	0	0	0	0	0	0	0	0	0	0	0	0	0	0	0	0	2624	0	0	0	0	4549	0	0	0	0	0	3102	0	0	0	0	0
S112	0	0	0	0	0	4780	0	0	0	315	0	0	0	850	0	0	0	0	0	0	0	0	0	0	0	0	0	0	0	0	0	0	0	0	0	0	0	175	0	0	0	0	280	0	0	0	0	0	0	0	0	0	0	0	0	0	0	0	0
S113	0	0	0	0	0	0	105	0	0	0	0	0	0	0	0	0	0	0	0	0	0	0	0	0	0	0	0	0	0	0	0	0	0	0	0	0	0	0	0	0	0	0	0	0	0	0	0	0	0	0	0	0	0	0	0	0	0	0	0
S114	837	0	0	0	0	6805	0	0	0	0	0	0	0	0	0	0	0	0	0	0	0	0	0	0	0	0	0	0	0	0	0	0	0	0	0	0	0	0	0	0	0	0	0	0	0	0	0	0	0	0	0	0	0	0	0	0	0	0	0
S115	0	0	0	0	767	43857	0	2825	845	2092	0	0	0	9120	0	2138	0	0	0	0	0	87	0	0	0	9585	0	0	0	0	0	0	0	0	0	0	0	0	0	0	0	0	1529	0	1755	0	3687	1836	0	0	1214	0	0	0	0	0	0	253	0
S116	0	1879	0	0	52794	931	1228	14734	712	2992	1886	521	552	65253	0	2123	588	554	14198	0	0	4945	0	0	0	33189	0	0	0	0	961	0	0	0	0	3154	630	0	0	0	7275	0	744	0	36	7482	179868	2719	0	0	28238	0	0	0	0	1035	1064	8103	1264
S117	0	0	0	0	0	0	0	0	0	0	0	0	0	0	0	0	0	0	0	0	0	0	0	0	0	0	0	0	0	0	0	0	0	0	0	0	0	0	0	0	0	0	338	0	0	0	0	0	0	0	0	0	0	0	0	0	0	0	0
S118	0	0	0	0	0	0	0	0	0	0	0	0	0	848	0	0	0	0	0	0	0	0	0	0	0	0	0	0	0	0	0	0	0	0	0	0	0	0	0	0	0	0	0	0	0	0	0	0	0	0	0	0	0	0	0	0	0	0	0
S119	0	0	0	0	0	974	0	0	0	0	0	0	0	0	0	0	0	0	0	0	0	0	0	0	0	0	0	0	0	0	0	0	0	0	0	0	0	0	0	0	553	0	0	0	0	0	0	0	0	0	0	0	0	0	0	0	0	0	0
S120	0	0	0	0	0	380	0	0	0	0	0	0	0	0	0	0	0	0	0	0	0	0	0	0	0	0	0	0	0	0	0	0	0	0	0	0	0	0	0	0	0	0	0	0	0	0	0	0	0	0	0	0	0	0	0	0	0	0	0
S121	0	0	0	0	0	0	0	0	0	0	0	0	0	1325	0	0	0	0	0	0	0	0	0	0	0	0	0	0	0	0	0	0	0	0	0	0	5863	0	0	0	0	0	0	0	0	0	0	0	0	1299	0	0	0	0	0	0	0	0	0
S122	0	0	0	0	0	0	0	0	0	0	0	0	0	460	0	0	0	0	0	0	0	0	0	0	0	0	0	0	0	0	0	0	0	0	0	0	0	0	0	0	0	0	0	0	0	0	0	0	0	0	0	0	0	0	0	0	0	0	0
S123	0	0	0	0	0	1214	0	0	0	0	0	0	0	7370	0	1115	1830	0	0	0	0	0	0	1578	0	0	0	0	0	0	0	0	0	0	0	0	0	0	0	0	0	0	0	0	0	0	0	0	0	0	0	0	0	0	0	0	0	0	0
S124	0	0	0	0	0	0	0	0	0	0	0	0	0	6289	0	0	0	0	0	0	0	0	0	0	0	6038	0	0	0	0	6438	0	0	0	0	0	0	0	59	0	0	0	0	0	0	0	0	230	0	0	0	0	1682	122	0	1362	0	0	0
S125	0	0	0	0	0	0	0	0	0	0	0	0	0	0	0	0	0	0	0	9558	0	0	0	0	0	0	0	0	0	0	0	0	0	0	0	0	0	0	0	0	0	0	0	16054	0	0	0	0	0	0	0	0	0	0	11278	0	0	0	0
S126	0	16886	0	104	0	0	524	0	3794	1235	0	4385	208	0	0	0	0	0	99	1231	825	0	177	0	0	0	0	353	206	0	0	1713	0	381	1700	0	1561	353	2691	5547	0	0	5517	0	0	293	0	56062	0	0	0	0	0	1533	3093	322	1413	0	0
S127	0	485	0	0	0	0	0	0	0	0	0	0	0	0	0	0	0	0	0	0	0	0	0	0	0	0	0	0	0	0	0	0	0	0	0	0	0	0	0	0	0	0	0	0	0	0	0	0	0	0	0	0	0	0	0	0	0	0	0
S128	0	684	0	933	0	2841	1020	0	0	1757	0	3286	0	12559	0	0	0	0	532	0	0	394	100	1885	0	0	696	0	0	0	504	1534	0	0	0	0	0	0	0	0	0	0	0	0	0	0	0	0	0	0	0	0	0	0	0	0	0	0	0
S129	0	0	0	0	0	0	0	0	0	0	0	0	0	0	0	0	54654	0	0	0	0	2267	0	0	0	0	0	0	0	0	0	0	0	62473	0	0	0	3208	0	0	0	0	0	0	0	0	0	0	0	0	0	0	0	0	483	0	0	0	0
S130	0	0	45760	0	0	0	0	0	0	0	0	3342	0	0	20338	3664	0	0	0	7693	12894	0	79161	0	0	0	0	0	2184	0	0	0	2472	12150	0	0	2845	8403	0	49169	0	0	899	0	0	0	0	0	4494	23619	0	0	0	9712	36379	0	0	0	0
S131	0	0	26330	0	0	0	6360	4617	64675	313	0	1904	0	1077	1441	1399	0	570	8862	3979	0	3088	0	0	789	0	1306	2317	1702	1916	743	95959	2916	46342	5204	525	8489	96	12636	12965	6948	4598	0	0	5520	0	0	201089	8721	1311	0	0	0	2460	101681	0	37706	191	44093
S132	0	0	0	0	0	2360	0	0	0	0	0	0	7780	931	0	1491	4910	0	0	1226	0	55	1138	8579	0	390	0	0	1203	0	0	6318	0	0	0	0	0	0	0	9490	37100	0	6690	0	17016	0	0	0	0	0	0	0	0	2213	646	0	3504	4912	7605
S133	0	0	0	0	0	0	0	0	272	3229	0	0	4485	0	0	0	0	607	0	0	7796	0	49	9105	0	599	0	0	0	1171	310	0	0	0	357	3057	1033	6835	0	1659	782	1900	5855	0	28568	1149	0	30559	109077	0	0	0	0	0	19343	0	0	234	0
S134	0	0	0	0	0	0	0	0	0	0	0	0	0	0	0	0	0	0	0	1217	0	0	0	0	0	0	0	0	0	0	0	0	0	0	0	0	0	26972	0	0	0	85	0	0	0	0	0	0	0	355	0	0	0	0	0	0	0	32924	0
S135	0	0	0	0	854	0	0	0	0	0	0	0	0	25543	0	0	0	0	0	0	0	0	0	0	0	0	0	0	2899	0	0	0	0	0	0	0	0	0	0	0	0	0	0	0	0	0	0	0	0	0	0	0	0	0	0	0	0	1231	0
S136	0	0	0	0	0	0	0	562	0	0	0	0	0	0	0	0	0	0	0	0	0	0	0	0	0	0	0	0	0	149	0	0	0	0	0	1417	0	362	0	787	0	0	718	0	381	0	0	0	0	0	0	0	0	0	0	0	0	22	166
S137	0	0	0	0	0	0	0	0	0	0	0	0	0	0	0	0	0	0	0	0	0	0	0	0	0	0	0	0	0	0	0	0	0	0	0	0	0	110	0	0	0	0	0	0	0	0	0	0	0	0	0	0	0	0	0	0	0	0	0
S138	0	0	640	0	0	0	2347	0	72	2659	0	0	11110	0	0	0	0	0	0	4791	0	518	0	0	0	0	953	144	344	0	0	0	0	743	0	0	13174	0	9537	3783	0	0	0	0	137	0	0	0	0	0	0	0	0	2211	0	0	0	0	5786
S139	0	0	0	0	0	0	0	0	0	0	0	0	0	0	0	0	0	0	0	0	0	0	0	0	0	0	0	0	0	0	0	0	0	74	0	0	0	0	0	0	0	0	0	0	0	0	723	0	0	0	0	0	0	0	0	0	0	0	0
S140	0	0	0	0	0	0	0	0	0	0	0	1195	0	1366	0	0	0	117	0	0	0	0	0	0	0	0	0	0	0	684	0	0	0	430	0	320	0	0	0	0	0	0	1322	0	195	301	111	59955	0	254	0	0	0	0	0	186	0	647	0
S141	0	41628	11849	0	12592	11022	4670	17011	21251	3670	8311	23428	2936	76512	2286	59555	8431	13323	27526	10687	8142	5940	1969	8148	0	6762	2752	600	3969	0	3922	0	0	5917	12293	1128	2620	665	6536	2019	1772	888	3780	0	1844	3190	7179	41940	0	0	1703	24692	0	241	6520	0	1883	8907	931
S142	0	8700	2844	309	3863	663	3355	9748	5999	0	0	3964	0	220	0	185	14624	12097	447	7179	7364	0	3691	178	0	1944	0	4525	2007	2900	1054	0	1909	5515	4147	2125	2920	9835	43	16980	4640	1701	8678	793	25105	11962	0	12853	3068	44	1369	11314	10690	1491	2510	3719	509	2884	3170
S143	0	2180	0	0	1197	1839	217	39621	4879	2551	9311	978	0	2113	0	0	1732	1021	0	2169	0	0	0	0	0	0	416	108	2073	1308	0	0	0	3208	8203	17998	6943	1764	15179	2112	6110	415	7588	0	48065	2083	12339	15206	0	0	8845	11009	3933	5206	2689	9188	2440	11543	4897
S144	0	13112	0	0	0	0	0	0	0	0	0	576	0	0	0	0	0	0	0	0	0	0	0	0	0	0	0	59	0	0	0	0	0	0	0	0	0	0	1844	0	0	0	5152	0	0	0	0	10284	0	0	0	0	0	0	0	0	0	841	0
S145	0	101	0	0	3389	0	0	0	50	0	1418	3100	0	0	0	0	351	25	0	0	0	0	25	0	0	414	0	0	2618	21757	0	0	2264	3146	174608	14816	0	0	0	0	0	235	0	0	4975	188	102	0	0	0	106794	0	5448	0	7785	69587	18588	0	15669
S146	0	2245	0	0	2386	5317	0	0	8943	0	0	579	157	4497	0	0	0	6399	3069	0	200	1989	54	192	0	0	55	0	2149	0	3873	0	0	146	0	0	0	0	0	1926	0	0	0	0	0	0	0	0	0	0	0	0	0	0	0	0	0	0	0
S147	0	4334	0	0	0	0	0	0	0	0	0	0	0	0	0	0	0	240	0	0	4538	0	0	0	0	0	0	0	0	0	0	0	0	1720	0	0	0	0	5925	0	0	0	0	0	0	1822	16973	0	0	0	0	0	0	0	0	0	0	0	0
S148	0	439	0	0	0	0	0	94931	6196	0	0	0	0	0	0	20894	0	0	0	171	0	0	0	0	0	0	0	0	0	0	0	0	0	429	1501	1437	0	0	0	897	0	26580	5245	0	0	202	464173	0	0	200	0	0	0	0	0	0	13174	0	0
S149	0	2716	0	0	0	0	0	1931	0	0	0	0	0	0	0	0	14804	1199	47	0	0	0	448	1728	0	0	0	0	0	279	0	0	0	129	876	3506	0	351	0	0	3212	0	842	0	14529	184	3365	46	0	0	9066	1579	0	0	0	0	1608	1038	17391
S150	89	5189	85	0	3030	6488	2258	34832	5029	0	0	0	0	3017	0	860	245279	21414	9608	3196	1819	0	61130	2810	0	0	0	1127	4203	6636	5709	0	0	618	0	94836	0	17332	172	6778	24466	560	612330	0	190299	5453	5076	5686	5200	0	3380	5863	0	0	3213	439	1189	0	13030
S151	271	5351	0	0	0	0	0	391946	268	0	0	3614	0	0	0	427	1191	4280	1215	14462	14210	0	381	3002	0	817	176	5297	0	58027	48	0	554	23567	44313	59616	13215	34413	7112	22247	271	3024	481135	1094	159999	24033	18268	160446	5687	1523	4666	34071	107768	26107	6468	53140	7630	4787	11393
S152	1083	22728	0	548	0	1927	1974	76819	3852	121	1072	634	0	6633	0	430	2314	0	347	11996	288	0	4792	0	0	881	1001	858	1298	4495	8056	60	534	882	6910	19174	3382	2142	4279	4133	10647	262	15616	0	15657	4096	14213	24074	0	0	34528	6793	52873	836	0	3308	29829	0	709
S153	0	0	0	0	0	0	0	0	0	0	0	0	0	0	0	0	0	0	0	0	18251	0	0	0	0	0	0	0	0	6118	0	0	0	423250	0	0	0	0	0	0	0	0	8058	0	0	0	0	0	0	0	0	0	0	0	0	0	0	0	0
S154	20480	19884	0	5383	28536	116888	9677	48647	13309	9188	5345	28487	1189	7090	924	2391	44382	2510	8070	55966	4898	5004	34024	35079	3165	19094	6769	20001	10361	403733	4589	12881	1282	46908	23324	579868	15985	106858	26662	28177	118102	4910	157902	0	235142	43208	64873	101996	48193	11165	173253	81453	63300	28250	68257	53236	111108	106823	32802
S155	2683	408282	0	10678	0	1444	3656	557673	6151	1140	0	0	3917	4616	577	0	2781	15860	3531	147	76261	49109	28054	0	1987	18194	22227	0	19124	7369	1805	0	671	93105	35791	46240	1338	20941	162416	33811	10482	0	123313	0	60064	7424	0	0	2629	0	0	0	0	1919	4826	220672	4539	34419	128324
S156	6865	0	13180	0	0	0	554	0	24049	12054	0	316	311	75	0	0	560	14579	255	2580	84256	1565	1436	1433	1007	684	825	6963	0	0	0	11661	38182	10612	84118	8340	1751	18062	25287	17148	16148	1806	317568	757	41240	0	0	1860	3704	0	0	0	0	5050	47297	2765	21050	7431	20256
S157	7515	6509	0	0	2394	13059	931	25232	1288	967	0	336	0	1150	0	0	1521	2203	691	55532	2908	568	129	4474	0	711	46	0	0	67589	692	1358	0	17436	36892	155313	22340	81236	2930	35894	7182	12845	314107	48	101523	5956	7966	15131	5507	3319	4183	8964	20849	25896	56796	13609	4886	8683	0
S158	45	9607	0	0	2717	20131	3547	3558	6707	6460	10522	5668	0	0	0	358	12823	14074	0	23538	1701	1522	38462	4849	3094	29817	3674	3460	3322	26893	3636	88788	1757	21167	10362	32351	3579	14537	21647	80034	35943	9089	170010	691	128747	6312	21797	145813	14013	534	15317	30299	7274	34940	171033	659	8365	21034	49786
S159	27624	0	0	0	363	5566	112	1243	0	6026	12375	0	0	57715	0	0	0	0	11401	0	159	0	0	0	0	0	0	0	617	0	0	0	928	812	0	0	0	0	0	0	0	0	482	0	39	15934	14151	0	0	0	13184	0	0	0	0	0	0	0	0
S160	3027	8538	0	0	2215	13216	0	50183	3869	0	0	1881	0	353	0	0	5195	2406	1683	9449	5527	376	2040	2860	52	1757	0	1519	828	40970	495	1768	0	22660	4996	67834	2733	35774	3561	32297	26743	1541	221252	0	195326	6964	3253	53591	6775	703	29523	11825	28093	3885	19304	8829	1474	28326	38219
S161	60047	26789	0	134	8911	29805	1688	328362	23424	861	142	2629	0	4825	0	1267	3275	21599	5589	7213	9738	4299	20885	2148	259	66473	2967	9395	3911	139870	921	21211	0	39389	15340	118072	15016	80070	14937	10572	36364	14123	256924	604	302787	46641	197377	47095	5095	0	31583	134692	5599	7988	46081	13613	32637	37625	33573
S162	0	11102	1051	0	0	0	2365	202612	55	0	2498	1014	0	1744	0	0	8996	7365	0	5589	4152	0	13355	793	1557	5797	452	4107	948	156893	600	4370	0	16863	7929	6749	696	12463	2102	60478	12102	0	55581	0	154051	308	3092	113211	5265	0	17946	146659	146038	612	17001	3091	6032	2101	44552
S163	0	0	0	0	0	0	0	0	0	0	0	0	0	0	0	0	0	0	0	0	0	0	0	0	0	0	0	0	0	0	0	0	0	28395	0	0	0	0	0	0	0	0	0	0	0	0	0	0	0	0	0	0	0	0	0	0	0	0	0
S164	725	527845	0	20845	34568	14447	139485	111737	39746	259712	133532	8342	24088	109236	1274	85695	12446	413488	452823	1985	22810	34644	6578	101314	4646	324473	265783	80364	23960	50167	40711	21627	7712	103651	32956	199877	1944	8928	6653	5119	622709	12743	23006	211	4103924	17251	61956	750381	88477	0	729923	607606	9814	6938	14534	56441	20841	25562	98253
S165	0	6674	0	0	0	0	0	0	0	0	0	0	0	0	0	0	0	0	0	7697	0	0	0	0	0	0	5088	0	0	0	0	0	0	316	0	0	0	0	0	1500	0	0	0	0	1942	0	0	0	0	0	0	20500	0	0	0	0	0	2535	0
S166	0	123914	3982	5211	84003	0	6652	0	267246	0	33378	4830	6851	0	0	7532	0	73674	56486	0	2894	5169	464	1359	0	29493	17973	33674	0	8053	2377	0	2625	38	0	16473	4989	79	80	12284	73162	391	21589	0	250654	55601	4559	88337	0	0	0	17470	32741	224	8544	75712	0	0	1374
S167	0	79993	62	0	6242	2252	0	51133	4801	3125	11241	3540	0	1595	0	0	7597	2273	12227	56982	0	0	0	18085	0	14986	0	172	0	0	438	0	0	5819	0	4945	656	0	2791	144869	0	2308	8897	0	408	442	6071	12282	8917	907	11454	18151	0	1027	885	0	0	8281	0
S168	0	0	0	1578	3954	15979	2539	3431	5920	6236	0	0	0	71874	0	6888	4967	3100	217	427	0	3786	951	0	0	1713	27051	0	0	561	1393	68869	0	0	209	0	152	0	0	0	11918	0	0	0	30125	0	994	3204	0	0	88350	4177	0	0	0	0	0	0	2319
S169	0	38235	439	21321	36370	55041	8765	145090	39822	9273	61552	3573	4494	199	0	19047	31374	32369	13801	5270	0	19566	3747	31321	1968	10693	51170	0	37858	86117	12303	29603	3498	120985	89003	299399	13548	743	4553	25955	45401	1537	29108	0	173623	36052	130869	623215	2008	0	507718	269463	16931	9220	1915	64192	106092	91670	143980
S170	0	0	0	0	0	0	0	0	301	0	0	62860	0	872	1985	0	0	0	0	0	0	0	0	0	0	0	0	1190	0	0	951	0	1530	0	62	0	0	0	0	3135	0	1248	0	0	0	0	0	0	1824	0	0	0	0	1092	0	0	0	0	0
S171	0	0	0	0	0	0	0	0	0	0	0	2682	0	0	0	0	0	2775	6931	0	0	0	0	0	0	0	0	7061	0	0	0	0	369	0	0	0	1051	1582	392	0	0	11985	0	0	0	1919	0	0	1059	0	0	0	0	7380	2470	3722	0	0	0
S172	0	0	0	0	0	0	1318	0	2119	4021	0	1426	0	5509	0	1177	0	0	0	0	0	216	0	2389	0	0	4968	0	44	0	0	0	0	0	0	0	0	0	0	0	0	0	0	0	0	0	0	0	0	0	0	0	0	0	0	0	0	0	0
S173	0	560	0	0	0	0	0	0	0	0	0	221	0	0	0	0	0	0	0	0	0	0	0	0	0	0	0	0	0	0	0	0	0	716	274	0	1668	685	576	1334	0	0	0	0	1706	0	522	0	1358	0	0	0	0	572	840	85	0	0	0
S174	0	0	7042	0	0	0	0	3213	0	0	0	0	0	587	0	0	0	0	35	0	432	0	738	0	0	0	0	0	0	887	0	0	0	1203	3067	47119	869	2751	63	2895	2336	0	1013	0	12105	0	4078	3754	0	0	487	1838	42202	296	526	0	148	850	2231
S175	771	26794	5931	4422	326	19669	5590	133184	15937	28465	34698	16781	9808	1065	2484	7649	1774	14610	7792	16029	16793	3441	3456	6777	6176	5467	8038	4941	27232	4570	2119	32509	5274	26250	15417	11948	9690	11237	4929	13601	14322	2406	16211	8829	40311	5358	6865	66418	8439	0	7405	7834	8513	8448	42034	5769	20931	21808	8111
S176	17679	24655	0	724	0	0	1269	977	1158	259	867	2197	0	0	0	0	1298	1348	0	7112	1546	1752	233	0	453	0	0	838	207	801	0	169	4589	35510	10564	1528	2512	5986	28009	19966	0	252	12769	1447	3087	3805	0	7388	8197	2028	0	1464	0	8210	2786	18472	719	5081	25
S177	0	5090	0	8228	0	2364	258	7688	6045	0	0	123	0	0	0	19631	1219	5085	0	4501	29958	0	0	0	0	0	1244	0	571	3142	564	0	0	18281	5943	6275	0	1266	0	0	326	0	4474	0	9179	6651	0	1510	0	0	0	43249	0	0	127	0	2192	172	860
S178	0	0	0	0	0	0	0	0	0	0	0	0	0	0	0	0	0	0	0	0	0	0	0	0	0	0	0	0	0	0	0	0	0	0	0	0	0	0	0	0	0	0	0	16719	0	0	0	0	0	0	0	0	0	0	8758	0	0	0	0
S179	0	754	542	0	565	1746	809	61322	0	156	2697	111	0	3255	549	432	1117	2506	8293	8720	6586	0	12844	145	188	78	1014	4922	749	16098	0	0	0	10300	6330	26594	18419	0	1677	568	76401	0	1270	0	17873	9319	9062	212671	0	0	13791	252540	11395	7235	5947	0	20931	7700	15183
S180	0	0	1393	337	0	0	0	0	0	0	0	278	0	0	0	0	0	0	49963	0	0	0	0	0	0	0	0	2523	0	0	0	0	0	0	0	0	0	0	4091	0	0	0	0	0	0	0	0	0	0	0	0	0	0	0	0	0	0	0	0
S181	2833	161918	55465	9284	15789	17730	33650	2238637	104918	88920	53535	18976	38610	29815	8425	69920	40437	211233	288168	36646	95149	30606	44969	24355	27387	34995	18577	56562	38321	146363	41575	178968	9397	194872	183467	389248	87119	19049	208007	66083	794198	102996	385363	735	859031	130117	427430	1048125	89595	1045	213311	679834	6409	52825	28137	141725	115238	125347	184936
S182	0	0	0	0	0	0	0	31304	0	0	0	0	0	0	0	0	0	0	0	0	0	0	0	0	0	0	0	0	0	0	0	0	0	10359	0	0	0	0	0	0	0	0	0	0	0	0	0	0	0	0	0	0	0	0	0	0	0	0	0
S183	1114	815	0	0	0	0	120	154263	434	0	692	60	0	1046	0	747	291	2012	1123	1713	244	1105	801	0	774	1724	0	0	0	15926	0	494	69	919	10049	72147	2279	5225	6994	6057	5084	2461	37690	0	22180	12280	65559	18665	1957	0	13769	3291	737	886	18885	5366	19226	5257	7697
S184	0	0	0	0	0	0	0	0	0	0	0	0	0	0	0	0	0	0	0	0	0	0	0	0	0	0	0	0	0	0	0	0	0	0	0	0	0	0	0	0	0	0	369	0	0	0	0	0	0	0	0	0	0	0	0	0	0	0	0
S185	93148	0	359955	258	0	0	0	0	0	44121	0	8974	0	0	0	0	0	34825	0	0	0	2484	871	260	1071	2982	2129	0	5857	2384	3585	0	1064	57007	762	4113	4070	1414	5170	21155	5377	3216	136883	6648	5508	26462	3355	4331	0	848	0	29929	0	0	22185	1340	0	31735	0
S186	894	14386	0	0	0	0	0	0	0	915	902	0	544	0	0	320	0	2076	26517	0	57	7909	382	910	385	332	0	0	1360	0	0	3774	0	0	0	0	56	0	0	2332	1115	0	54	0	9756	0	2278	3887	548	0	0	0	0	0	24246	0	0	707	478
S187	2073	92269	0	0	2076	0	3209	3916	8232	0	11871	23597	0	680	0	0	0	55949	32626	53735	109794	0	4597	9936	0	19887	48139	78011	4017	264355	0	3997	10022	100455	143747	970911	2784	38570	0	0	16909	7691	201436	0	89141	19392	77657	2208	25410	68839	0	76527	0	62752	155824	9785	2626	74585	9033
S188	0	0	63	0	0	0	0	0	0	0	0	0	0	0	0	0	0	760	0	0	0	0	0	0	0	0	0	0	0	0	0	0	0	0	0	0	0	0	0	898	0	0	0	0	0	0	2373	0	0	0	0	0	0	0	0	0	0	0	0
S189	0	0	10517	0	0	0	3490	0	0	0	0	9228	0	0	4211	0	0	0	0	4409	0	17642	1757	0	0	0	0	3089	0	0	0	0	1933	59938	0	0	30942	17311	0	0	0	0	103	1815	0	0	0	0	6994	21177	0	0	0	5267	0	0	0	9109	0
S190	0	2149	0	0	0	0	0	6111	0	0	0	1647	0	2086	0	0	1724	0	0	0	0	0	0	2499	0	0	690	0	0	0	0	0	0	0	8389	1806	0	0	0	163	0	0	0	0	25394	0	1586	0	71	0	6546	775	0	304	0	0	0	0	0
S191	251	0	0	0	0	0	0	0	0	0	0	0	0	0	0	0	0	0	0	0	0	0	0	0	0	0	558	0	0	0	121	0	487	0	0	0	0	0	0	0	183	0	0	570	0	3392	0	0	0	0	0	0	0	0	4240	0	0	0	0
S192	0	0	5020	0	0	0	0	2294	0	0	0	0	0	0	0	0	0	0	1394	0	0	1027	0	0	0	0	0	0	0	0	0	1717	0	1245	0	0	0	0	0	1454	54	0	98	0	352	11925	8120	0	0	0	1962	0	0	0	0	0	0	0	0
S193	0	0	0	0	0	0	0	0	0	0	0	0	0	0	0	14296	0	0	0	0	0	0	0	0	0	0	0	0	309	0	0	0	0	0	0	0	3321	0	2260	2507	0	0	0	321	0	0	0	0	92	0	0	18276	0	139	0	0	0	0	0
S194	0	0	25	0	0	0	4391	581	1573	1198	3346	0	568	0	0	0	0	0	0	0	13301	9610	0	0	367	0	0	0	1177	0	0	0	2101	8596	4309	443	0	2147	0	4618	0	0	240359	0	509	0	0	0	0	256	0	230	582	3079	1253	1758	1727	0	0
S195	0	0	0	0	0	0	0	0	0	0	576	0	0	0	0	0	0	0	0	6233	653	0	0	0	0	0	0	1966	779	0	0	0	0	0	4975	0	0	55355	1961	0	0	0	1855	0	0	0	0	1288	0	2292	0	0	79764	143	133	1068	0	13752	0
S196	0	0	1998	0	0	0	0	0	0	0	0	0	0	0	0	24537	0	0	0	0	0	0	0	0	0	0	0	9688	0	0	0	0	0	0	0	0	0	0	0	1002	0	0	0	0	0	0	0	0	330	0	0	0	0	0	0	0	0	0	0
S197	0	0	0	0	0	0	5409	0	0	0	0	5121	0	0	3275	0	0	7585	0	879	0	0	739	0	0	0	0	8782	516	0	0	0	1424	13102	0	0	33943	6922	0	59686	0	17822	0	0	0	0	0	0	0	13036	0	0	0	8971	284910	0	0	3656	0
S198	9434	701	0	0	0	0	0	10519	0	0	0	0	0	0	0	0	0	0	0	477	0	0	0	0	0	0	0	0	0	0	0	0	0	2974	0	2455	0	1070	0	97	0	0	1855	1141	468	0	0	0	4066	2846	0	0	102	152	4736	0	0	0	1372
S199	0	0	2368	585	0	0	654	19364	18817	0	0	746	0	0	0	0	11415	2847	0	0	1140	0	17703	0	0	961	0	1915	878	1556	622	0	1528	1845	5481	0	0	0	2852	16513	32084	11588	16486	0	194956	49421	5336	24405	974	0	0	51837	6007	305	1497	12802	0	31432	19601
S200	0	0	0	0	0	0	0	0	0	0	0	0	0	0	0	0	0	0	0	0	0	0	0	0	0	0	0	0	0	0	0	0	0	0	0	0	0	0	0	34692	0	0	0	0	0	0	0	0	0	0	0	3746	0	0	0	0	0	0	0
S201	0	0	0	0	0	0	0	0	0	0	0	0	0	0	0	0	0	0	0	0	0	0	0	0	0	0	0	0	0	0	0	0	0	2359	0	0	0	0	0	0	0	0	0	0	0	0	0	0	0	0	0	0	0	0	0	0	0	0	0
S202	0	0	0	0	0	0	0	0	0	0	0	0	0	0	0	0	0	0	0	0	0	0	0	0	0	0	0	0	0	0	0	0	0	44843	0	0	0	0	0	0	0	0	600	0	0	0	0	0	0	0	0	0	0	0	0	0	0	0	0
S203	0	0	0	0	0	0	0	0	0	0	0	0	0	0	0	0	0	0	0	0	0	0	0	0	0	0	0	0	0	0	0	0	0	0	0	0	0	0	0	0	0	0	0	0	0	0	0	40	0	0	0	0	0	0	0	0	0	0	0
S204	404	0	0	0	35	394	1909	0	1782	0	0	5986	0	636	0	0	4962	2359	1470	2393	3715	1693	929	0	0	266	566	0	0	143197	0	0	493	6838	199491	8049	3891	0	5023	841	1540	1179	44395	0	68693	5776	101100	84068	2758	103	19912	24399	14040	12623	75601	21811	5109	4429	95985
S205	0	0	0	0	0	0	0	1309	0	0	0	0	0	0	0	0	0	0	0	0	0	0	0	0	0	0	0	0	0	0	0	0	0	0	0	1823	0	4110	0	0	0	0	0	0	0	0	0	0	0	0	0	0	0	0	0	0	0	0	0
S206	0	0	0	0	0	0	0	1239	1796	15186	0	0	0	12287	0	1436	0	0	0	0	0	0	0	4005	0	0	2524	0	0	601	0	0	0	0	0	4032	0	0	0	0	0	0	877	0	10608	1781	0	0	0	0	0	5412	0	0	0	440	1379	0	0
S207	0	6979	0	0	0	0	1393	11670	1312	0	0	1858	0	0	8995	0	684	5426	0	1914	3160	0	3906	0	1434	486	0	2170	794	3674	0	1067	261	55684	23249	33180	17768	19580	4699	54789	1432	6251	4791	12384	10305	19361	369	6470	7188	829	0	3673	16730	13754	12569	7950	894	7862	1717
S208	2945	8320	2620	0	0	0	151	71522	1297	0	374	1812	0	0	0	435	0	2040	0	16106	4089	1170	213	0	56	0	151	7072	1281	7739	0	342	786	42336	4660	770	2994	2074	13106	5462	461	446	41685	2861	17627	29443	4996	35659	25793	0	0	14094	2363	9207	18071	3591	2326	26384	3586
S209	0	0	0	0	0	0	0	0	412	0	0	448	0	0	495	0	0	0	0	17041	292	0	154	0	0	0	0	0	0	0	0	0	41	11333	990	0	6072	2470	44	818	0	0	26909	0	0	0	0	0	2563	6662	0	0	0	433	19574	0	0	19143	0
S210	0	0	164	0	0	0	7629	0	0	0	0	14344	0	0	43826	0	0	602	0	208037	0	0	0	0	0	0	0	0	0	2925	0	0	0	29869	0	0	25676	11939	0	0	0	0	0	0	0	0	119454	0	6778	14376	0	211	0	81062	0	0	0	0	0
S211	0	0	0	0	0	0	0	0	17723	0	0	1357	0	0	0	0	0	803	0	1732	3813	57	901	0	2463	0	0	305	830	0	0	0	515	0	57925	0	0	13491	0	2693	0	423	2385	1748	0	0	0	0	3426	0	0	0	0	0	20083	0	0	0	0
S212	0	0	0	0	4579	0	0	0	0	0	0	0	0	0	0	149	0	0	0	0	931	0	0	0	0	0	0	11312	0	0	0	0	8236	1013	0	0	18433	0	0	0	0	25007	276646	6793	0	25671	0	63796	19725	7146	0	0	0	0	23239	558	0	5006	0
S213	3284	15517	0	163	0	260	0	67823	0	0	25814	297	385	0	0	0	1188	715	17114	1494	153	0	669	0	1103	0	0	2998	5503	251	0	0	859	36872	29122	10878	1600	9560	79446	67624	0	0	10924	0	73305	1244	1722	7435	429	0	1253	475	8595	0	29237	1438	853	76	13011
S214	0	15989	2683	0	0	0	3274	113821	1514	0	0	3267	0	0	910	239	0	3720	0	13073	10305	0	1898	0	243	62	0	0	118	1463	0	780	0	19226	23456	2423	3927	625	93354	3356	0	965	2935	33464	12772	20108	2612	18662	2658	6089	478	6930	4677	4120	11960	4025	3544	16253	1056
S215	0	5490	0	0	0	0	0	0	0	0	0	0	0	0	0	0	0	0	0	0	0	0	0	0	0	0	0	0	0	0	0	0	0	0	0	0	0	78890	0	0	0	0	0	0	0	0	0	0	0	0	0	0	0	0	0	0	0	0	0
S216	0	0	0	0	0	0	0	0	0	0	0	0	0	0	0	0	0	0	0	0	0	0	0	0	0	0	0	0	0	0	0	0	0	0	0	0	0	1139	0	0	0	0	0	0	0	0	0	0	0	0	0	0	0	0	0	0	0	0	0
S217	16804	0	10283	577	0	3271	2035	0	14857	3635	0	2137	2296	4300	2679	2810	7778	2791	10169	35237	3686	13109	9570	9145	2713	3685	8771	7310	2560	95758	2494	44833	4360	47595	141702	97721	180672	0	138167	205894	27702	14797	388839	54373	173354	47421	101382	39649	55459	48163	6442	133934	500	44258	151149	35044	0	18473	95660
S218	0	0	0	0	0	0	0	32024	0	0	0	7841	0	0	1130	0	0	2445	0	4715	5129	0	0	0	0	0	79	0	0	0	0	0	0	1504	0	0	0	0	0	0	0	0	0	0	44614	0	0	77550	0	0	0	14023	0	1105	0	0	0	17900	0
S219	0	0	0	0	0	0	0	2676	0	0	0	0	0	0	0	0	0	0	0	0	0	0	0	0	0	0	0	0	0	0	0	0	0	0	3550	0	0	0	0	731	0	0	50	0	4976	0	0	1374	0	0	0	0	0	5432	0	0	0	10299	48
S220	0	0	0	0	0	0	0	0	0	0	0	0	0	0	0	0	0	0	0	0	0	0	0	0	0	0	0	0	0	0	0	0	0	0	0	0	0	0	0	0	0	0	0	0	0	0	0	833	0	0	0	0	0	0	0	0	0	14964	0
S221	0	0	0	0	0	3601	0	0	0	0	0	0	0	282	0	0	0	0	0	0	0	0	0	0	0	0	0	0	0	0	0	0	0	0	0	0	0	0	0	0	0	0	0	0	0	0	0	0	0	0	0	0	0	0	0	0	0	0	0
S222	0	0	0	0	0	2202	0	0	0	0	0	0	0	8520	0	0	0	53	0	0	0	545	0	0	0	0	0	0	0	0	0	0	0	0	0	0	783	0	0	0	0	0	0	0	109	0	0	0	0	114	0	0	0	1315	0	0	0	0	0
S223	0	0	0	0	0	0	307	0	0	0	0	0	0	0	0	0	618	0	0	0	0	0	0	0	0	0	0	0	0	0	0	0	0	0	0	0	0	0	0	0	591	0	0	0	0	0	0	0	0	0	0	0	0	0	0	306	0	570	0
S224	0	0	0	0	0	0	0	0	0	0	0	0	0	0	0	0	0	0	0	0	0	0	0	0	0	0	0	0	0	0	0	0	0	0	0	0	0	0	0	0	0	0	0	0	0	0	0	0	0	0	0	0	0	101	0	0	0	0	0
S225	0	0	0	0	0	5041	351	0	0	0	373	0	0	1087	0	0	0	695	0	0	1239	840	0	0	0	0	0	0	0	690	0	0	0	0	0	0	2516	0	874	0	0	0	2210	0	4161	0	0	3631	0	817	289	0	0	2184	0	204	0	685	280
S226	0	0	67	0	0	0	0	0	0	0	0	0	0	0	0	0	0	0	0	0	0	0	0	0	0	0	0	0	0	0	0	0	0	0	0	0	0	0	0	0	0	0	0	0	0	0	0	0	0	0	0	0	0	0	0	0	0	0	0
S227	0	0	0	0	0	1774	0	198	0	0	0	0	0	1543	0	0	0	140	0	0	212	0	0	0	0	0	0	0	0	0	0	0	0	0	0	0	125	0	0	0	137	0	0	0	758	0	443	0	0	0	207	0	0	514	0	0	0	902	0
S228	0	0	0	0	0	0	0	0	0	0	0	0	0	0	0	0	0	0	0	0	0	0	0	0	0	250	0	0	0	0	0	0	0	0	0	0	0	0	0	0	0	0	0	0	0	0	0	0	0	0	0	0	0	0	0	0	0	0	0
S229	0	0	0	0	0	0	0	0	0	0	0	0	0	0	0	0	0	475	0	0	0	0	0	0	0	0	0	0	0	0	0	0	0	0	0	0	0	0	0	0	0	0	0	0	0	0	0	0	0	0	0	0	0	0	0	1744	0	0	0
S230	0	18328	249	0	0	5301	0	28480	5111	0	0	3237	0	0	0	0	2447	34631	0	0	61927	0	739	0	1502	0	0	29703	0	0	80	23488	6579	33579	2393	0	0	0	2682	1754	0	5907	0	1830	0	0	0	3237	0	0	0	2138	0	0	1300	679	0	0	6202
S231	0	0	0	0	0	0	0	0	0	0	0	0	3458	0	0	0	0	614	0	0	0	0	0	133	0	0	0	1488	0	0	0	0	0	0	1202	0	0	0	0	0	0	0	0	3121120	0	0	0	78328	0	0	0	0	0	0	2599	0	0	69333	0
S232	0	885	0	0	0	0	0	48	0	0	32110	0	0	0	0	0	0	0	0	0	0	0	0	0	0	0	0	0	0	0	0	0	0	0	2925	1304	0	0	0	0	0	0	0	0	0	0	4479	0	0	0	0	22818	0	0	0	0	2402	0	0
S233	0	0	0	0	370	3339	0	0	217	0	0	0	797	1210	0	0	0	0	0	0	0	0	0	0	0	0	0	0	0	0	0	0	0	0	0	0	0	0	0	0	194	0	0	0	0	0	203	0	0	0	0	0	0	0	0	0	0	0	0
S234	0	0	0	0	0	332	0	0	0	0	0	0	0	0	0	0	0	0	0	0	0	0	0	0	0	0	0	0	0	0	0	0	0	0	0	0	0	0	0	0	0	0	0	0	0	0	0	0	0	0	0	0	0	0	0	0	0	0	0
S235	0	0	0	0	0	0	0	0	0	0	0	0	416	0	0	0	0	0	0	0	0	0	0	0	0	0	0	0	0	0	0	0	0	0	0	0	0	0	0	0	0	0	0	0	0	0	161	0	0	0	0	0	0	0	0	0	0	0	0
S236	0	1062	0	0	0	0	0	1084	0	0	0	0	0	0	0	0	0	0	0	0	0	0	0	0	0	0	0	0	0	0	0	0	0	0	0	0	0	0	0	0	0	0	0	0	0	0	0	0	0	0	0	0	0	0	1433	0	0	0	0
S237	0	0	0	0	0	0	0	0	0	0	0	6383	0	0	0	0	307	482	0	0	0	0	0	0	460	0	0	1357	0	0	0	0	0	6671	0	0	0	0	0	0	0	0	0	0	0	0	0	2544	0	0	0	0	0	0	409	1218	0	0	0
S238	0	0	866	0	0	444	0	951	1958	0	0	6009	0	0	4111	332	0	20140	1914	0	21834	3010	12147	694	712	599	73	7332	36	1318	1208	7013	2818	803	138	738	9717	0	0	3485	890	328	514	0	7998	305	0	21563	2842	0	0	0	0	149	0	0	957	2833	0
S239	0	0	0	0	1541	0	0	0	0	0	0	0	0	0	0	290	0	0	0	0	0	0	0	0	0	0	0	0	0	0	0	0	0	0	0	0	0	0	0	0	0	0	0	0	0	0	0	0	0	0	0	0	0	0	0	0	0	0	0
S240	0	0	0	0	0	0	0	0	0	224	0	0	0	0	0	0	0	4347	0	0	0	0	0	0	0	0	0	0	0	0	0	0	0	0	0	0	0	0	0	0	0	0	0	0	0	0	0	0	0	0	0	0	0	0	0	0	0	0	0
S241	0	0	0	0	0	0	0	0	0	0	0	0	0	0	0	0	0	0	0	0	0	1470	0	0	0	0	0	0	0	0	0	0	0	0	0	0	0	0	0	0	0	0	1299	0	0	0	0	0	0	0	0	0	0	0	0	0	0	0	0
S242	0	63708	0	0	0	0	0	0	0	0	0	0	0	0	0	0	0	0	0	0	955	0	0	0	0	0	0	0	0	0	0	0	0	0	0	0	0	0	0	0	0	0	0	0	0	0	0	0	0	0	0	0	0	0	0	5004	0	0	0
S243	0	0	0	0	0	0	0	0	0	0	0	0	0	0	0	0	0	0	0	0	0	0	0	0	0	0	0	0	0	0	0	0	0	0	0	0	0	0	0	0	0	0	0	0	0	0	0	0	0	0	0	0	0	1333	0	0	0	0	0
S244	0	0	0	0	0	0	0	0	0	0	0	0	0	0	0	0	0	0	0	0	0	0	0	0	0	0	0	0	0	0	0	0	0	0	0	0	0	0	0	0	0	0	0	0	0	0	0	0	0	0	0	0	0	86657	0	0	0	0	0
S245	0	0	0	0	0	0	0	0	0	0	0	0	0	0	0	0	0	0	0	0	36977	0	0	0	0	0	0	0	0	0	0	0	0	0	0	0	3200	0	0	0	0	0	0	0	0	0	0	0	0	0	0	0	0	1158	0	0	0	0	0
S246	0	0	0	0	0	0	0	0	0	2603	0	0	0	0	0	0	0	0	0	0	5976	29787	0	0	0	0	0	0	0	0	0	0	0	0	0	0	5443	0	1067	7236	0	0	0	0	0	0	0	0	0	0	0	588	0	5469	520	0	0	0	0
S247	0	0	0	0	0	0	0	0	0	0	0	0	0	0	0	0	0	0	0	0	2638	0	0	0	0	0	0	0	0	0	0	0	0	0	0	0	0	0	0	0	0	0	0	0	0	0	0	0	0	0	0	1018	0	1109	0	0	0	0	0
S248	2907	74467	16212	0	0	26546	0	62116	0	122200	4720	11220	0	0	934	3956	4390	10820	1158	87015	40971	12902	0	3331	97556	6611	0	22105	10268	44489	0	0	0	112240	7348	2938	37377	136210	37917	92251	17003	0	276914	42951	4969	0	22252	221522	3188	72520	0	204729	35445	436809	411078	306696	112997	82489	1213
S249	0	0	0	0	0	0	0	0	0	0	0	0	0	0	0	0	0	0	0	0	0	0	0	0	0	0	0	0	0	0	0	0	0	0	0	0	0	0	0	0	0	0	0	0	0	0	0	0	0	0	0	0	0	0	0	0	8292	0	0
S250	0	0	0	0	0	0	0	0	0	0	0	0	0	0	0	0	0	0	0	0	56594	0	0	0	0	0	0	0	0	0	0	0	0	0	0	0	0	0	0	0	0	0	0	0	0	0	0	0	0	0	0	0	0	0	0	0	0	0	0
S251	0	0	0	0	0	0	0	0	0	0	0	0	0	0	0	0	1460	0	0	0	0	0	0	0	0	0	0	0	0	0	0	0	0	0	0	0	0	0	0	0	0	0	0	0	0	0	0	0	0	0	0	0	0	0	0	0	0	0	0
S252	0	0	0	0	0	0	0	5093	0	75741	8806	0	6442	0	1093	7187	9871	62134	0	0	166444	26376	0	0	0	16442	0	1930	1448	4554	0	0	0	0	10569	8052	380318	0	48124	58583	1400	6258	1873	0	4017	0	0	657286	0	0	0	87234	56797	36952	2746	17522	0	90005	0
S253	0	0	0	0	0	0	0	4441	0	19899	2361	0	0	0	3434	0	1329	33142	0	0	44936	14445	0	0	0	2893	0	0	0	1277	0	0	0	0	1314	2614	218240	0	24967	15513	0	0	0	0	0	0	0	377268	0	0	0	45249	2804	16397	0	3860	0	5282	0
S254	0	0	0	0	0	0	0	0	0	12561	0	0	0	0	1282	0	6010	11392	0	0	27999	14058	0	0	0	1441	0	0	0	0	0	0	0	0	1216	1384	64741	0	21625	8121	0	0	0	0	0	0	0	75899	0	0	0	14057	4193	7041	0	2509	0	4840	0
S255	0	0	0	0	0	0	0	0	0	0	0	0	0	100	0	0	0	0	0	0	0	0	0	0	0	0	0	0	0	0	0	0	0	0	0	0	0	0	0	0	0	0	0	0	0	0	0	0	0	4729	0	0	0	0	0	0	0	0	0
S256	0	0	0	0	0	0	0	0	0	0	0	0	0	1231	0	0	0	0	0	0	0	0	0	0	0	0	0	0	0	0	0	0	0	0	0	0	0	0	0	0	0	0	0	0	0	0	0	0	0	0	0	0	0	0	0	1428	0	0	0
S257	0	0	0	0	0	0	0	0	0	0	0	0	0	1591	0	0	0	0	0	0	0	0	0	0	0	0	0	0	0	0	0	0	0	0	200	0	0	0	0	0	0	0	0	0	0	0	0	0	0	0	0	0	0	0	0	0	0	0	0
S258	0	390	0	0	0	5561	133	0	718	0	0	0	1066	5236	0	135	928	0	0	0	869	2291	0	385	0	655	0	0	0	0	0	508	0	0	6285	1191	169	0	0	0	0	0	0	0	2829	0	3791	6402	0	0	0	0	0	0	0	2787	1807	0	0
S259	0	0	0	0	0	0	0	0	0	0	0	0	0	0	0	0	340	0	0	0	0	0	0	0	0	0	0	0	0	0	0	0	0	0	0	0	0	0	0	0	0	0	0	0	0	0	0	0	0	0	0	0	0	0	0	0	0	0	0
S260	0	0	0	0	739	0	0	0	6715	0	0	0	0	4022	715	0	0	0	0	0	0	5443	0	0	0	0	0	0	0	0	0	0	0	3370	0	0	1152	0	0	0	0	0	0	0	0	0	0	34672	0	0	0	0	0	1638	0	4070	0	0	0
S261	0	1138	0	0	0	15149	79	0	3307	0	0	0	0	0	0	85	459	0	0	0	0	5508	0	0	0	1498	0	0	0	0	0	214	0	0	459	1836	682	0	0	0	0	0	0	0	6886	0	15149	0	0	0	152	0	0	83	0	1377	3672	0	0
S262	0	0	0	0	0	0	0	0	0	0	0	0	0	1396	0	0	0	0	0	0	0	0	0	0	0	0	0	0	0	0	0	0	0	0	0	0	0	0	0	0	0	0	0	0	0	0	0	1338	0	0	0	0	0	0	0	0	0	0	0
S263	0	23536	0	0	0	0	0	0	0	0	65	0	0	0	0	0	0	0	0	0	0	0	0	0	0	0	0	0	0	0	0	0	0	0	0	0	0	0	0	0	0	0	0	0	0	0	0	0	0	0	0	0	0	0	0	0	0	0	0
S264	0	0	0	0	1060	0	0	0	0	0	0	0	0	4067	0	0	65744	0	0	0	0	8291	0	0	0	0	0	0	0	0	0	0	0	0	0	0	0	0	0	0	0	0	0	0	0	0	0	0	0	0	0	0	0	0	0	0	0	0	28297
S265	0	0	10632	0	13420	0	0	0	0	0	0	0	0	18131	0	13312	0	0	0	0	0	0	857	0	0	0	556	0	3838	0	0	0	369	0	0	0	24805	0	1412	0	0	243	0	0	0	546	0	0	381	803	0	0	0	0	5718	0	0	0	0
S266	0	0	0	12021	106298	0	0	0	0	0	0	110514	0	0	75599	182903	0	0	0	0	0	22091	3282	0	0	5586	0	51086	15528	0	3846	0	2404	0	0	0	9000	0	43670	0	0	1576	0	438	0	2296	0	0	3411	17673	0	0	0	0	0	0	0	0	0
S267	0	0	761	2834	372	0	88003	0	0	0	0	10032	0	0	9622	221370	0	0	0	0	0	5030	3591	0	0	7482	7235	2207	14574	4898	8058	0	0	12154	0	0	8416	0	0	29541	0	5443	0	2270	17934	3495	0	0	62	2246	0	0	0	622	0	0	0	10620	0
S268	0	0	0	0	0	0	0	0	0	0	0	0	0	0	0	0	0	0	0	11644	0	0	0	0	0	0	0	0	0	0	0	0	0	0	0	0	0	0	0	0	0	0	0	0	0	0	0	0	0	0	0	0	0	0	0	0	0	0	0
S269	0	0	0	0	0	0	0	0	0	0	0	0	0	0	4549	0	0	0	0	520483	0	0	0	0	0	0	0	0	0	0	0	0	0	0	0	0	0	976272	0	0	0	0	0	28966	0	0	0	0	0	7349	0	0	0	0	0	0	0	0	0
S270	0	0	0	0	0	0	0	0	0	0	0	0	0	0	0	0	0	0	0	0	0	0	0	18159	0	0	8412	0	0	0	0	0	0	0	0	0	0	0	0	3470	0	0	10040	0	0	0	0	0	0	0	0	0	0	0	0	0	0	0	0
S271	0	77798	0	0	0	0	5710	0	720	0	0	7881	1209	0	20742	32798	0	0	0	0	47968	0	0	0	63112	3259	4627	0	358	0	12265	30889	20633	1965	0	0	0	0	0	0	0	0	0	0	0	0	0	0	0	0	0	0	0	0	0	0	0	0	0